标题：资金股票
营业部名称：上海主站XC37
股东：张力文
资金余额：11946.35 	 可取金额：11946.35
冻结金额：0.00 	 股票市值：26123.40
可用余额：11946.35 	 总 资 产：38069.75

------------------------------
操作	序号	证券代码	证券名称	股份余额	实际数量	可用股份	冻结数量	成本价1	当前价	浮动盈亏	盈亏比例()	当日盈亏	当日盈亏比()	最新市值	仓位占比()	当日买入	当日卖出	交易市场	持股天数	
	1	510300	300ETF	300	300	300	0.00	4.7387	4.9220	50.000	3.873	-12.90	-0.87	1476.600	3.88	0	0	上海Ａ股	66	
	2	513100	纳指ETF	1000	1000	1000	0.00	1.8324	2.2360	398.600	22.025	-63.00	-2.74	2236.000	5.87	0	0	上海Ａ股	68	
	3	515880	通信ETF	1800	1800	1800	0.00	1.4848	1.7040	389.600	14.760	-21.60	-0.70	3067.200	8.06	0	0	上海Ａ股	10	
	4	516630	云计算50	1000	1000	1000	0.00	1.7830	1.7300	-58.000	-2.970	-35.00	-1.98	1730.000	4.54	0	0	上海Ａ股	10	
	5	588000	科创50	1100	1100	1100	0.00	1.4921	1.8300	366.700	22.648	7.70	0.38	2013.000	5.29	0	0	上海Ａ股	68	
	6	588200	科创芯片	3100	3100	3100	0.00	3.3018	3.6180	975.300	9.580	145.70	1.32	11215.800	29.46	0	0	上海Ａ股	68	
	7	159501	纳指基金	100	100	100	0.00	1.7450	2.1060	31.100	20.697	-4.70	-2.18	210.600	0.55	0	0	深圳Ａ股	68	
	8	159530	机器人E	2700	2700	2700	0.00	1.5962	1.5460	-140.600	-3.140	18.90	0.45	4174.200	10.96	0	0	深圳Ａ股	11	

------------------------------
保存时间：2026-06-04  14:39:37 
